# x		y
-2.000000	1.000000
-1.990000	1.040000
-1.980000	1.080199
-1.970000	1.120597
-1.960000	1.161194
-1.950000	1.201990
-1.940000	1.242985
-1.930000	1.284179
-1.920000	1.325572
-1.910000	1.367164
-1.900000	1.408955
-1.890000	1.450945
-1.880000	1.493134
-1.870000	1.535522
-1.860000	1.578109
-1.850000	1.620896
-1.840000	1.663881
-1.830000	1.707065
-1.820000	1.750448
-1.810000	1.794030
-1.800000	1.837811
-1.790000	1.881791
-1.780000	1.925970
-1.770000	1.970348
-1.760000	2.014925
-1.750000	2.059701
-1.740000	2.104677
-1.730000	2.149851
-1.720000	2.195224
-1.710000	2.240796
-1.700000	2.286567
-1.690000	2.332537
-1.680000	2.378706
-1.670000	2.425075
-1.660000	2.471642
-1.650000	2.518408
-1.640000	2.565373
-1.630000	2.612537
-1.620000	2.659900
-1.610000	2.707463
-1.600000	2.755224
-1.590000	2.803184
-1.580000	2.851343
-1.570000	2.899701
-1.560000	2.948259
-1.550000	2.997015
-1.540000	3.045970
-1.530000	3.095124
-1.520000	3.144478
-1.510000	3.194030
-1.500000	3.243781
-1.490000	3.293731
-1.480000	3.343881
-1.470000	3.394229
-1.460000	3.444776
-1.450000	3.495522
-1.440000	3.546468
-1.430000	3.597612
-1.420000	3.648955
-1.410000	3.700498
-1.400000	3.752239
-1.390000	3.804179
-1.380000	3.856318
-1.370000	3.908657
-1.360000	3.961194
-1.350000	4.013930
-1.340000	4.066866
-1.330000	4.120000
-1.320000	4.173333
-1.310000	4.226866
-1.300000	4.280597
-1.290000	4.334527
-1.280000	4.388657
-1.270000	4.442985
-1.260000	4.497512
-1.250000	4.552239
-1.240000	4.607164
-1.230000	4.662289
-1.220000	4.717612
-1.210000	4.773134
-1.200000	4.828856
-1.190000	4.884776
-1.180000	4.940896
-1.170000	4.997214
-1.160000	5.053731
-1.150000	5.110448
-1.140000	5.167363
-1.130000	5.224478
-1.120000	5.281791
-1.110000	5.339303
-1.100000	5.397015
-1.090000	5.454925
-1.080000	5.513035
-1.070000	5.571343
-1.060000	5.629851
-1.050000	5.688557
-1.040000	5.747463
-1.030000	5.806567
-1.020000	5.865871
-1.010000	5.925373
-1.000000	5.985075
-0.990000	6.044975
-0.980000	6.105075
-0.970000	6.165373
-0.960000	6.225871
-0.950000	6.286567
-0.940000	6.347463
-0.930000	6.408557
-0.920000	6.469851
-0.910000	6.531343
-0.900000	6.593035
-0.890000	6.654925
-0.880000	6.717015
-0.870000	6.779303
-0.860000	6.841791
-0.850000	6.904478
-0.840000	6.967363
-0.830000	7.030448
-0.820000	7.093731
-0.810000	7.157214
-0.800000	7.220896
-0.790000	7.284776
-0.780000	7.348856
-0.770000	7.413134
-0.760000	7.477612
-0.750000	7.542289
-0.740000	7.607164
-0.730000	7.672239
-0.720000	7.737512
-0.710000	7.802985
-0.700000	7.868657
-0.690000	7.934527
-0.680000	8.000597
-0.670000	8.066866
-0.660000	8.133333
-0.650000	8.200000
-0.640000	8.266866
-0.630000	8.333930
-0.620000	8.401194
-0.610000	8.468657
-0.600000	8.536318
-0.590000	8.604179
-0.580000	8.672239
-0.570000	8.740498
-0.560000	8.808955
-0.550000	8.877612
-0.540000	8.946468
-0.530000	9.015522
-0.520000	9.084776
-0.510000	9.154229
-0.500000	9.223881
-0.490000	9.293731
-0.480000	9.363781
-0.470000	9.434030
-0.460000	9.504478
-0.450000	9.575124
-0.440000	9.645970
-0.430000	9.717015
-0.420000	9.788259
-0.410000	9.859701
-0.400000	9.931343
-0.390000	10.003184
-0.380000	10.075224
-0.370000	10.147463
-0.360000	10.219900
-0.350000	10.292537
-0.340000	10.365373
-0.330000	10.438408
-0.320000	10.511642
-0.310000	10.585075
-0.300000	10.658706
-0.290000	10.732537
-0.280000	10.806567
-0.270000	10.880796
-0.260000	10.955224
-0.250000	11.029851
-0.240000	11.104677
-0.230000	11.179701
-0.220000	11.254925
-0.210000	11.330348
-0.200000	11.405970
-0.190000	11.481791
-0.180000	11.557811
-0.170000	11.634030
-0.160000	11.710448
-0.150000	11.787065
-0.140000	11.863881
-0.130000	11.940896
-0.120000	12.018109
-0.110000	12.095522
-0.100000	12.173134
-0.090000	12.250945
-0.080000	12.328955
-0.070000	12.407164
-0.060000	12.485572
-0.050000	12.564179
-0.040000	12.642985
-0.030000	12.721990
-0.020000	12.801194
-0.010000	12.880597
0.000000	12.960199
0.010000	13.040000
0.020000	13.120000
0.030000	13.200199
0.040000	13.280597
0.050000	13.361194
0.060000	13.441990
0.070000	13.522985
0.080000	13.604179
0.090000	13.685572
0.100000	13.767164
0.110000	13.848955
0.120000	13.930945
0.130000	14.013134
0.140000	14.095522
0.150000	14.178109
0.160000	14.260896
0.170000	14.343881
0.180000	14.427065
0.190000	14.510448
0.200000	14.594030
0.210000	14.677811
0.220000	14.761791
0.230000	14.845970
0.240000	14.930348
0.250000	15.014925
0.260000	15.099701
0.270000	15.184677
0.280000	15.269851
0.290000	15.355224
0.300000	15.440796
0.310000	15.526567
0.320000	15.612537
0.330000	15.698706
0.340000	15.785075
0.350000	15.871642
0.360000	15.958408
0.370000	16.045373
0.380000	16.132537
0.390000	16.219900
0.400000	16.307463
0.410000	16.395224
0.420000	16.483184
0.430000	16.571343
0.440000	16.659701
0.450000	16.748259
0.460000	16.837015
0.470000	16.925970
0.480000	17.015124
0.490000	17.104478
0.500000	17.194030
0.510000	17.283781
0.520000	17.373731
0.530000	17.463881
0.540000	17.554229
0.550000	17.644776
0.560000	17.735522
0.570000	17.826468
0.580000	17.917612
0.590000	18.008955
0.600000	18.100498
0.610000	18.192239
0.620000	18.284179
0.630000	18.376318
0.640000	18.468657
0.650000	18.561194
0.660000	18.653930
0.670000	18.746866
0.680000	18.840000
0.690000	18.933333
0.700000	19.026866
0.710000	19.120597
0.720000	19.214527
0.730000	19.308657
0.740000	19.402985
0.750000	19.497512
0.760000	19.592239
0.770000	19.687164
0.780000	19.782289
0.790000	19.877612
0.800000	19.973134
0.810000	20.068856
0.820000	20.164776
0.830000	20.260896
0.840000	20.357214
0.850000	20.453731
0.860000	20.550448
0.870000	20.647363
0.880000	20.744478
0.890000	20.841791
0.900000	20.939303
0.910000	21.037015
0.920000	21.134925
0.930000	21.233035
0.940000	21.331343
0.950000	21.429851
0.960000	21.528557
0.970000	21.627463
0.980000	21.726567
0.990000	21.825871
1.000000	21.925373
1.010000	22.025075
1.020000	22.124975
1.030000	22.225075
1.040000	22.325373
1.050000	22.425871
1.060000	22.526567
1.070000	22.627463
1.080000	22.728557
1.090000	22.829851
1.100000	22.931343
1.110000	23.033035
1.120000	23.134925
1.130000	23.237015
1.140000	23.339303
1.150000	23.441791
1.160000	23.544478
1.170000	23.647363
1.180000	23.750448
1.190000	23.853731
1.200000	23.957214
1.210000	24.060896
1.220000	24.164776
1.230000	24.268856
1.240000	24.373134
1.250000	24.477612
1.260000	24.582289
1.270000	24.687164
1.280000	24.792239
1.290000	24.897512
1.300000	25.002985
1.310000	25.108657
1.320000	25.214527
1.330000	25.320597
1.340000	25.426866
1.350000	25.533333
1.360000	25.640000
1.370000	25.746866
1.380000	25.853930
1.390000	25.961194
1.400000	26.068657
1.410000	26.176318
1.420000	26.284179
1.430000	26.392239
1.440000	26.500498
1.450000	26.608955
1.460000	26.717612
1.470000	26.826468
1.480000	26.935522
1.490000	27.044776
1.500000	27.154229
1.510000	27.263881
1.520000	27.373731
1.530000	27.483781
1.540000	27.594030
1.550000	27.704478
1.560000	27.815124
1.570000	27.925970
1.580000	28.037015
1.590000	28.148259
1.600000	28.259701
1.610000	28.371343
1.620000	28.483184
1.630000	28.595224
1.640000	28.707463
1.650000	28.819900
1.660000	28.932537
1.670000	29.045373
1.680000	29.158408
1.690000	29.271642
1.700000	29.385075
1.710000	29.498706
1.720000	29.612537
1.730000	29.726567
1.740000	29.840796
1.750000	29.955224
1.760000	30.069851
1.770000	30.184677
1.780000	30.299701
1.790000	30.414925
1.800000	30.530348
1.810000	30.645970
1.820000	30.761791
1.830000	30.877811
1.840000	30.994030
1.850000	31.110448
1.860000	31.227065
1.870000	31.343881
1.880000	31.460896
1.890000	31.578109
1.900000	31.695522
1.910000	31.813134
1.920000	31.930945
1.930000	32.048955
1.940000	32.167164
1.950000	32.285572
1.960000	32.404179
1.970000	32.522985
1.980000	32.641990
1.990000	32.761194
2.000000	32.880597
2.010000	33.000199
2.020000	33.120000
2.030000	33.240000
2.040000	33.360199
2.050000	33.480597
2.060000	33.601194
2.070000	33.721990
2.080000	33.842985
2.090000	33.964179
2.100000	34.085572
2.110000	34.207164
2.120000	34.328955
2.130000	34.450945
2.140000	34.573134
2.150000	34.695522
2.160000	34.818109
2.170000	34.940896
2.180000	35.063881
2.190000	35.187065
2.200000	35.310448
2.210000	35.434030
2.220000	35.557811
2.230000	35.681791
2.240000	35.805970
2.250000	35.930348
2.260000	36.054925
2.270000	36.179701
2.280000	36.304677
2.290000	36.429851
2.300000	36.555224
2.310000	36.680796
2.320000	36.806567
2.330000	36.932537
2.340000	37.058706
2.350000	37.185075
2.360000	37.311642
2.370000	37.438408
2.380000	37.565373
2.390000	37.692537
2.400000	37.819900
2.410000	37.947463
2.420000	38.075224
2.430000	38.203184
2.440000	38.331343
2.450000	38.459701
2.460000	38.588259
2.470000	38.717015
2.480000	38.845970
2.490000	38.975124
2.500000	39.104478
2.510000	39.234030
2.520000	39.363781
2.530000	39.493731
2.540000	39.623881
2.550000	39.754229
2.560000	39.884776
2.570000	40.015522
2.580000	40.146468
2.590000	40.277612
2.600000	40.408955
2.610000	40.540498
2.620000	40.672239
2.630000	40.804179
2.640000	40.936318
2.650000	41.068657
2.660000	41.201194
2.670000	41.333930
2.680000	41.466866
2.690000	41.600000
2.700000	41.733333
2.710000	41.866866
2.720000	42.000597
2.730000	42.134527
2.740000	42.268657
2.750000	42.402985
2.760000	42.537512
2.770000	42.672239
2.780000	42.807164
2.790000	42.942289
2.800000	43.077612
2.810000	43.213134
2.820000	43.348856
2.830000	43.484776
2.840000	43.620896
2.850000	43.757214
2.860000	43.893731
2.870000	44.030448
2.880000	44.167363
2.890000	44.304478
2.900000	44.441791
2.910000	44.579303
2.920000	44.717015
2.930000	44.854925
2.940000	44.993035
2.950000	45.131343
2.960000	45.269851
2.970000	45.408557
2.980000	45.547463
2.990000	45.686567
3.000000	45.825871
3.010000	45.965373
3.020000	46.105075
3.030000	46.244975
3.040000	46.385075
3.050000	46.525373
3.060000	46.665871
3.070000	46.806567
3.080000	46.947463
3.090000	47.088557
3.100000	47.229851
3.110000	47.371343
3.120000	47.513035
3.130000	47.654925
3.140000	47.797015
3.150000	47.939303
3.160000	48.081791
3.170000	48.224478
3.180000	48.367363
3.190000	48.510448
3.200000	48.653731
3.210000	48.797214
3.220000	48.940896
3.230000	49.084776
3.240000	49.228856
3.250000	49.373134
3.260000	49.517612
3.270000	49.662289
3.280000	49.807164
3.290000	49.952239
3.300000	50.097512
3.310000	50.242985
3.320000	50.388657
3.330000	50.534527
3.340000	50.680597
3.350000	50.826866
3.360000	50.973333
3.370000	51.120000
3.380000	51.266866
3.390000	51.413930
3.400000	51.561194
3.410000	51.708657
3.420000	51.856318
3.430000	52.004179
3.440000	52.152239
3.450000	52.300498
3.460000	52.448955
3.470000	52.597612
3.480000	52.746468
3.490000	52.895522
3.500000	53.044776
3.510000	53.194229
3.520000	53.343881
3.530000	53.493731
3.540000	53.643781
3.550000	53.794030
3.560000	53.944478
3.570000	54.095124
3.580000	54.245970
3.590000	54.397015
3.600000	54.548259
3.610000	54.699701
3.620000	54.851343
3.630000	55.003184
3.640000	55.155224
3.650000	55.307463
3.660000	55.459900
3.670000	55.612537
3.680000	55.765373
3.690000	55.918408
3.700000	56.071642
3.710000	56.225075
3.720000	56.378706
3.730000	56.532537
3.740000	56.686567
3.750000	56.840796
3.760000	56.995224
3.770000	57.149851
3.780000	57.304677
3.790000	57.459701
3.800000	57.614925
3.810000	57.770348
3.820000	57.925970
3.830000	58.081791
3.840000	58.237811
3.850000	58.394030
3.860000	58.550448
3.870000	58.707065
3.880000	58.863881
3.890000	59.020896
3.900000	59.178109
3.910000	59.335522
3.920000	59.493134
3.930000	59.650945
3.940000	59.808955
3.950000	59.967164
3.960000	60.125572
3.970000	60.284179
3.980000	60.442985
3.990000	60.601990
4.000000	60.761194
4.010000	60.920597
4.020000	61.080199
4.030000	61.240000
4.040000	61.400000
4.050000	61.560199
4.060000	61.720597
4.070000	61.881194
4.080000	62.041990
4.090000	62.202985
4.100000	62.364179
4.110000	62.525572
4.120000	62.687164
4.130000	62.848955
4.140000	63.010945
4.150000	63.173134
4.160000	63.335522
4.170000	63.498109
4.180000	63.660896
4.190000	63.823881
4.200000	63.987065
4.210000	64.150448
4.220000	64.314030
4.230000	64.477811
4.240000	64.641791
4.250000	64.805970
4.260000	64.970348
4.270000	65.134925
4.280000	65.299701
4.290000	65.464677
4.300000	65.629851
4.310000	65.795224
4.320000	65.960796
4.330000	66.126567
4.340000	66.292537
4.350000	66.458706
4.360000	66.625075
4.370000	66.791642
4.380000	66.958408
4.390000	67.125373
4.400000	67.292537
4.410000	67.459900
4.420000	67.627463
4.430000	67.795224
4.440000	67.963184
4.450000	68.131343
4.460000	68.299701
4.470000	68.468259
4.480000	68.637015
4.490000	68.805970
4.500000	68.975124
4.510000	69.144478
4.520000	69.314030
4.530000	69.483781
4.540000	69.653731
4.550000	69.823881
4.560000	69.994229
4.570000	70.164776
4.580000	70.335522
4.590000	70.506468
4.600000	70.677612
4.610000	70.848955
4.620000	71.020498
4.630000	71.192239
4.640000	71.364179
4.650000	71.536318
4.660000	71.708657
4.670000	71.881194
4.680000	72.053930
4.690000	72.226866
4.700000	72.400000
4.710000	72.573333
4.720000	72.746866
4.730000	72.920597
4.740000	73.094527
4.750000	73.268657
4.760000	73.442985
4.770000	73.617512
4.780000	73.792239
4.790000	73.967164
4.800000	74.142289
4.810000	74.317612
4.820000	74.493134
4.830000	74.668856
4.840000	74.844776
4.850000	75.020896
4.860000	75.197214
4.870000	75.373731
4.880000	75.550448
4.890000	75.727363
4.900000	75.904478
4.910000	76.081791
4.920000	76.259303
4.930000	76.437015
4.940000	76.614925
4.950000	76.793035
4.960000	76.971343
4.970000	77.149851
4.980000	77.328557
4.990000	77.507463
5.000000	77.686567
